[gd_scene load_steps=13 format=2]

[ext_resource path="res://RollerBall/Prefabs/Ball.tscn" type="PackedScene" id=1]
[ext_resource path="res://RollerBall/Scripts/RollerBallUserControl.cs" type="Script" id=2]

[sub_resource type="BoxShape" id=1]
extents = Vector3( 100, 1, 100 )

[sub_resource type="CubeMesh" id=2]
size = Vector3( 200, 1, 200 )

[sub_resource type="PlaneMesh" id=3]
size = Vector2( 5, 10 )

[sub_resource type="SpatialMaterial" id=5]
albedo_color = Color( 0, 0.858824, 1, 1 )

[sub_resource type="BoxShape" id=4]
extents = Vector3( 2.5, 0, 5 )

[sub_resource type="PlaneMesh" id=6]
size = Vector2( 5, 10 )

[sub_resource type="BoxShape" id=9]
extents = Vector3( 10, 0.5, 5 )

[sub_resource type="CubeMesh" id=7]
size = Vector3( 20, 1, 10 )

[sub_resource type="BoxShape" id=10]
extents = Vector3( 10, 0.5, 2.5 )

[sub_resource type="CubeMesh" id=8]
size = Vector3( 20, 1, 5 )

[node name="Root" type="Spatial"]

[node name="StaticBody" type="StaticBody" parent="."]

[node name="CollisionShape" type="CollisionShape" parent="StaticBody"]
shape = SubResource( 1 )

[node name="MeshInstance" type="MeshInstance" parent="StaticBody"]
mesh = SubResource( 2 )

[node name="DirectionalLight" type="DirectionalLight" parent="."]
transform = Transform( 1, 0, 0, 0, 0.707107, 0.707107, 0, -0.707107, 0.707107, 0, 10, 0 )
light_bake_mode = 2
shadow_enabled = true

[node name="Camera" type="Camera" parent="."]
transform = Transform( 1, 0, 0, 0, 0.939693, 0.34202, 0, -0.34202, 0.939693, -10, 10, 5 )

[node name="Level" type="Node" parent="."]

[node name="StaticBody" type="StaticBody" parent="Level"]
transform = Transform( -1, 2.99004e-08, -8.21505e-08, 0, 0.939693, 0.34202, 8.74228e-08, 0.34202, -0.939693, 0, 0.107599, -9.09129 )

[node name="MeshInstance" type="MeshInstance" parent="Level/StaticBody"]
transform = Transform( 1, 0, 0, 0, 1, 0, 0, 0, 1, 0, 1.70345, 1.70345 )
mesh = SubResource( 3 )
material/0 = SubResource( 5 )

[node name="CollisionShape" type="CollisionShape" parent="Level/StaticBody"]
transform = Transform( 1, 0, 0, 0, 1, 0, 0, 0, 1, 0, 1.7, 1.7 )
shape = SubResource( 4 )

[node name="StaticBody4" type="StaticBody" parent="Level"]
transform = Transform( -1, 2.99004e-08, -8.21505e-08, 0, 0.939693, 0.34202, 8.74228e-08, 0.34202, -0.939693, -23.0046, 0.107599, -11.5554 )

[node name="MeshInstance" type="MeshInstance" parent="Level/StaticBody4"]
transform = Transform( 1, 0, 0, 0, 1, 0, 0, 0, 1, 0, 1.70345, 1.70345 )
mesh = SubResource( 6 )
material/0 = SubResource( 5 )

[node name="CollisionShape" type="CollisionShape" parent="Level/StaticBody4"]
transform = Transform( 1, 0, 0, 0, 1, 0, 0, 0, 1, 0, 1.7, 1.7 )
shape = SubResource( 4 )

[node name="StaticBody2" type="StaticBody" parent="Level"]
transform = Transform( 1, 0, 0, 0, 1, 0, 0, 0, 1, 0, 3.53926, -19.774 )

[node name="CollisionShape" type="CollisionShape" parent="Level/StaticBody2"]
shape = SubResource( 9 )

[node name="MeshInstance" type="MeshInstance" parent="Level/StaticBody2"]
mesh = SubResource( 7 )
material/0 = SubResource( 5 )

[node name="StaticBody3" type="StaticBody" parent="Level"]
transform = Transform( 1, 0, 0, 0, 1, 0, 0, 0, 1, -20.0164, 3.53926, -19.774 )

[node name="CollisionShape" type="CollisionShape" parent="Level/StaticBody3"]
shape = SubResource( 10 )

[node name="MeshInstance" type="MeshInstance" parent="Level/StaticBody3"]
mesh = SubResource( 8 )
material/0 = SubResource( 5 )

[node name="Ball" parent="." instance=ExtResource( 1 )]
transform = Transform( 1, 0, 0, 0, 1, 0, 0, 0, 1, 0, 3, -3.69144 )

[node name="UserControl" type="Node" parent="."]
script = ExtResource( 2 )

[node name="Control" type="Control" parent="."]
margin_right = 40.0
margin_bottom = 40.0

[node name="RichTextLabel" type="RichTextLabel" parent="Control"]
margin_left = 31.0
margin_top = 26.0
margin_right = 198.0
margin_bottom = 102.0
bbcode_enabled = true
bbcode_text = "[color=red][b]WASD[/b][/color] - Move the ball

[color=red][b]Space[/b][/color] - Jump

[color=red][b]R[/b][/color] - Reset Position"
text = "WASD - Move the ball

Space - Jump

R - Reset Position"
scroll_active = false
